 PERFORMANCE REPORT 
Date: Sun Feb 15 10:49:41 PM IST 2026
Duration: 60s (interval 5s)

----- CPU -----
Average CPU Usage: 6.66667%
Peak CPU Usage: 18.9%
Per-core CPU:
Linux 6.14.0-37-generic (hestabit-Latitude-3450) 	02/15/2026 	_x86_64_	(12 CPU)

10:49:41 PM  CPU    %usr   %nice    %sys %iowait    %irq   %soft  %steal  %guest  %gnice   %idle
10:49:42 PM  all    2.82    0.00    1.45    0.00    0.00    0.00    0.00    0.00    0.00   95.72
10:49:42 PM    0    2.08    0.00    2.08    0.00    0.00    0.00    0.00    0.00    0.00   95.83
10:49:42 PM    1    5.81    0.00    0.00    0.00    0.00    0.00    0.00    0.00    0.00   94.19
10:49:42 PM    2    5.05    0.00    3.03    0.00    0.00    0.00    0.00    0.00    0.00   91.92
10:49:42 PM    3    0.00    0.00    0.00    0.00    0.00    0.00    0.00    0.00    0.00  100.00
10:49:42 PM    4    6.00    0.00    2.00    0.00    0.00    0.00    0.00    0.00    0.00   92.00
10:49:42 PM    5    4.08    0.00    1.02    0.00    0.00    0.00    0.00    0.00    0.00   94.90
10:49:42 PM    6    4.04    0.00    1.01    0.00    0.00    0.00    0.00    0.00    0.00   94.95
10:49:42 PM    7    3.23    0.00    4.30    0.00    0.00    0.00    0.00    0.00    0.00   92.47
10:49:42 PM    8    1.00    0.00    1.00    0.00    0.00    0.00    0.00    0.00    0.00   98.00
10:49:42 PM    9    1.01    0.00    1.01    0.00    0.00    0.00    0.00    0.00    0.00   97.98
10:49:42 PM   10    1.02    0.00    1.02    0.00    0.00    0.00    0.00    0.00    0.00   97.96
10:49:42 PM   11    0.99    0.00    0.99    0.00    0.00    0.00    0.00    0.00    0.00   98.02

Average:     CPU    %usr   %nice    %sys %iowait    %irq   %soft  %steal  %guest  %gnice   %idle
Average:     all    2.82    0.00    1.45    0.00    0.00    0.00    0.00    0.00    0.00   95.72
Average:       0    2.08    0.00    2.08    0.00    0.00    0.00    0.00    0.00    0.00   95.83
Average:       1    5.81    0.00    0.00    0.00    0.00    0.00    0.00    0.00    0.00   94.19
Average:       2    5.05    0.00    3.03    0.00    0.00    0.00    0.00    0.00    0.00   91.92
Average:       3    0.00    0.00    0.00    0.00    0.00    0.00    0.00    0.00    0.00  100.00
Average:       4    6.00    0.00    2.00    0.00    0.00    0.00    0.00    0.00    0.00   92.00
Average:       5    4.08    0.00    1.02    0.00    0.00    0.00    0.00    0.00    0.00   94.90
Average:       6    4.04    0.00    1.01    0.00    0.00    0.00    0.00    0.00    0.00   94.95
Average:       7    3.23    0.00    4.30    0.00    0.00    0.00    0.00    0.00    0.00   92.47
Average:       8    1.00    0.00    1.00    0.00    0.00    0.00    0.00    0.00    0.00   98.00
Average:       9    1.01    0.00    1.01    0.00    0.00    0.00    0.00    0.00    0.00   97.98
Average:      10    1.02    0.00    1.02    0.00    0.00    0.00    0.00    0.00    0.00   97.96
Average:      11    0.99    0.00    0.99    0.00    0.00    0.00    0.00    0.00    0.00   98.02

----- Load Average -----
Peak Load (1m):  0.71
Peak Load (5m):  0.45
Peak Load (15m): 0.29

----- Memory -----
               total        used        free      shared  buff/cache   available
Mem:            23Gi       8.6Gi       3.6Gi       1.1Gi        12Gi        14Gi
Swap:          8.0Gi       578Mi       7.4Gi
Peak Memory Used: 8862 MB
Peak Swap Used:   578 MB

----- Disk I/O -----
Linux 6.14.0-37-generic (hestabit-Latitude-3450) 	02/15/2026 	_x86_64_	(12 CPU)

avg-cpu:  %user   %nice %system %iowait  %steal   %idle
           1.90    0.01    0.72    0.06    0.00   97.32

Device            r/s     rkB/s   rrqm/s  %rrqm r_await rareq-sz     w/s     wkB/s   wrqm/s  %wrqm w_await wareq-sz     d/s     dkB/s   drqm/s  %drqm d_await dareq-sz     f/s f_await  aqu-sz  %util
loop0            0.00      0.00     0.00   0.00    0.00     1.21    0.00      0.00     0.00   0.00    0.00     0.00    0.00      0.00     0.00   0.00    0.00     0.00    0.00    0.00    0.00   0.00
loop1            0.00      0.00     0.00   0.00    0.03     2.74    0.00      0.00     0.00   0.00    0.00     0.00    0.00      0.00     0.00   0.00    0.00     0.00    0.00    0.00    0.00   0.00
loop10           0.00      0.01     0.00   0.00    0.02     2.97    0.00      0.00     0.00   0.00    0.00     0.00    0.00      0.00     0.00   0.00    0.00     0.00    0.00    0.00    0.00   0.00
loop11           0.01      0.12     0.00   0.00    0.06    18.12    0.00      0.00     0.00   0.00    0.00     0.00    0.00      0.00     0.00   0.00    0.00     0.00    0.00    0.00    0.00   0.00
loop12           0.01      0.04     0.00   0.00    0.02     3.05    0.00      0.00     0.00   0.00    0.00     0.00    0.00      0.00     0.00   0.00    0.00     0.00    0.00    0.00    0.00   0.00
loop13           0.00      0.02     0.00   0.00    0.17    37.62    0.00      0.00     0.00   0.00    0.00     0.00    0.00      0.00     0.00   0.00    0.00     0.00    0.00    0.00    0.00   0.00
loop14           0.00      0.00     0.00   0.00    0.19     6.06    0.00      0.00     0.00   0.00    0.00     0.00    0.00      0.00     0.00   0.00    0.00     0.00    0.00    0.00    0.00   0.00
loop15           0.00      0.18     0.00   0.00    0.21    41.39    0.00      0.00     0.00   0.00    0.00     0.00    0.00      0.00     0.00   0.00    0.00     0.00    0.00    0.00    0.00   0.00
loop16           0.00      0.00     0.00   0.00    0.10     2.76    0.00      0.00     0.00   0.00    0.00     0.00    0.00      0.00     0.00   0.00    0.00     0.00    0.00    0.00    0.00   0.00
loop17           0.00      0.00     0.00   0.00    0.10    11.79    0.00      0.00     0.00   0.00    0.00     0.00    0.00      0.00     0.00   0.00    0.00     0.00    0.00    0.00    0.00   0.00
loop18           0.00      0.00     0.00   0.00    0.31    19.29    0.00      0.00     0.00   0.00    0.00     0.00    0.00      0.00     0.00   0.00    0.00     0.00    0.00    0.00    0.00   0.00
loop19           0.00      0.00     0.00   0.00    0.15    16.24    0.00      0.00     0.00   0.00    0.00     0.00    0.00      0.00     0.00   0.00    0.00     0.00    0.00    0.00    0.00   0.00
loop2            0.00      0.00     0.00   0.00    0.03     3.09    0.00      0.00     0.00   0.00    0.00     0.00    0.00      0.00     0.00   0.00    0.00     0.00    0.00    0.00    0.00   0.00
loop20           0.00      0.21     0.00   0.00    0.18    46.00    0.00      0.00     0.00   0.00    0.00     0.00    0.00      0.00     0.00   0.00    0.00     0.00    0.00    0.00    0.00   0.00
loop3            0.00      0.00     0.00   0.00    0.03     2.73    0.00      0.00     0.00   0.00    0.00     0.00    0.00      0.00     0.00   0.00    0.00     0.00    0.00    0.00    0.00   0.00
loop4            0.00      0.02     0.00   0.00    0.10    11.46    0.00      0.00     0.00   0.00    0.00     0.00    0.00      0.00     0.00   0.00    0.00     0.00    0.00    0.00    0.00   0.00
loop5            0.00      0.00     0.00   0.00    0.22    11.77    0.00      0.00     0.00   0.00    0.00     0.00    0.00      0.00     0.00   0.00    0.00     0.00    0.00    0.00    0.00   0.00
loop6            0.00      0.00     0.00   0.00    0.31    15.34    0.00      0.00     0.00   0.00    0.00     0.00    0.00      0.00     0.00   0.00    0.00     0.00    0.00    0.00    0.00   0.00
loop7            0.00      0.03     0.00   0.00    0.14    40.18    0.00      0.00     0.00   0.00    0.00     0.00    0.00      0.00     0.00   0.00    0.00     0.00    0.00    0.00    0.00   0.00
loop8            0.00      0.00     0.00   0.00    0.30     8.09    0.00      0.00     0.00   0.00    0.00     0.00    0.00      0.00     0.00   0.00    0.00     0.00    0.00    0.00    0.00   0.00
loop9            0.00      0.04     0.00   0.00    0.09    10.34    0.00      0.00     0.00   0.00    0.00     0.00    0.00      0.00     0.00   0.00    0.00     0.00    0.00    0.00    0.00   0.00
nvme0n1          2.22    162.62     0.33  13.04    0.37    73.21    5.89    320.44     4.36  42.56   13.26    54.44    0.11    280.90     0.00   0.00    0.27  2622.83    0.42    0.96    0.08   0.31



----- Network -----
Total RX Bytes: 49747950121
Total TX Bytes: 4005616478

----- Processes -----
Peak Process Count: 395

Top CPU Consumers:
    PID COMMAND         %CPU
2133735 chrome           2.2
2159765 chrome           1.7
   2788 gnome-shell      1.0
2007645 code             0.9
2153519 chrome           0.8

Top Memory Consumers:
    PID COMMAND         %MEM
   4460 chrome           3.5
 582720 teams-for-linux  2.8
2007941 code             2.6
 885912 chrome           2.1
2007645 code             2.1
--------------------------------------
